3,1
3,3
10,266
10,130
10,170
10,254
10,228
10,290
10,16
10,2
10,3
9,7
9,4
9,6
9,2
9,3
8,15
8,4
8,11
8,14
8,17
8,6
8,2
8,3
72,3
72,2
71,3
71,1
65,3
65,1
63,4
63,3
63,1
60,3
60,1
55,3
55,1
54,3
54,1
53,3
53,1
52,3
52,1
51,3
51,1
50,3
50,1
49,3
49,1
48,5
48,3
48,1
47,3
47,1
45,5
45,3
45,1
42,3
42,1
40,3
40,1
38,3
38,1
36,3
36,1
31,3
31,1
28,3
28,1
27,3
21,3
21,2
21,1
21,0
20,3
20,2
20,1
19,3
19,2
19,1
12,3
12,2
12,1
11,29
11,28
11,27
11,26
11,25
11,24
11,23
11,22
11,21
11,20
11,19
11,18
11,17
11,16
11,15
11,13
11,12
11,11
11,10
11,9
11,7
11,6
11,5
11,4
18,1
11,3
18,3
11,2
11,1
10,309
10,281
10,280
10,277
10,264
10,259
10,257
10,222
10,202
